1537072150 228776
1537072347 228777
1537072687 228767
1537075532 228773
1537134135 228820
1537162592 228945
1537244227 229059
1537244275 229091
1537502713 229130
1537849518 229151
1538024913 229834
1538327210 229881
1538451942 230164
1538529769 230169
1538627411 230230
1538711561 230269
1539139176 230288
1539144263 228788
1539189884 228832
1539233293 228861
1539284621 228862
1539297566 228928
1539304748 228948
1539308074 228306
1539483619 229538
1540345567 229554
1540509177 229556
1540842083 229560
1542150090 229566
1542150129 229581
1544641288 458313
1546979320 229923
1546982854 229983
1549232091 230009
1549457208 228924
1549457516 228821
1549458137 228824
1550072946 228901
1550073075 228901
1551829191 229109
1551831262 229102
1551834808 229298
1551835252 229301
1553878355 229309
1553971845 229181
1555028515 229204
1556637635 229225
1556669770 229265
1556821792 229485
1556827293 229338
1557336798 229577
1557340617 232895
1557352428 233262
1557360238 233314
1557447706 233332
1557452060 233349
1558381273 234188
1559238664 234221
1559246357 234387
1560370682 234410
1561482740 234426
1562973805 234459
1562973899 234460
1563216315 234504
1565549190 234552
1565652716 234562
1565814530 234558
1566401464 234569
1566661037 234589
1567361995 234596
1567456563 234612
1567457388 234626
1568156119 234658
1569455179 234760
1571177605 234742
1571177628 234742
1575920907 234742
1576162262 234743
1577066272 447489
1577240070 447546
1577294972 452024
1577306324 452217
1577311245 452266
1577312269 452284
1577839476 452525
1577987421 452512
1577988342 452513
1578603851 236669
1578605497 237910
1578609736 239375
1578620151 239670
1581101469 239673
1581120263 239641
1581433776 239642
1581622579 239774
1582232773 239797
1582830509 239789
1583349443 239794
1583444753 239851
1583446714 239761
1584061089 240111
1584072128 240200
1584105753 240176
1584114718 240419
1584992569 241051
1585151985 241055
1585178595 241106
1585179144 241108
1587157391 241123
1587173467 241708
1587338678 241906
1587701594 243766
1587742319 243922
1587752887 244015
1587785225 243968
1587846254 244116
1587856267 244228
1587874929 244516
1587929465 244549
1588042163 244637
1589331747 245373
1589332629 245387
1591318829 245729
1591406131 246011
1591625658 246035
1591643729 246117
1591715737 246253
1591720527 245628
1592062759 245628
1592249245 245922
1593379324 246330
1593385626 246358
1593566465 246452
1593613698 246471
1596468168 465402
1596469012 465402
1599585113 465398
1600098062 469043
1600296234 469050
1600460273 469039
1600461421 469039
1600462418 469046
1600536376 469061
1600538223 469409
1600696508 469409
1601048411 469421
1601126138 469421
1601126221 469421
1601126618 469432
1601153627 469354
1601157548 469115
1601158205 469113
1601257047 469116
1601324454 469415
1601324760 469414
1601325428 469413
1601326504 469376
1601326705 469376
1601326861 469376
1601326903 469375
1601342959 469275
1601344236 469264
1601344899 469275
1601345268 469108
1601476805 469138
1601503772 469270
1602777555 469270
1603205578 469271
1603218826 469271
1603242099 471787
1603296835 471892
1603296935 471891
1603298293 471897
1603299639 472019
1603747632 472095
1604070874 472123
1605300845 472144
1605454995 472124
1605455531 472128
1607648482 472203
1607708722 472224
1608161676 472260
1608166651 472264
1608166861 472267
1608483940 472286
1608920350 473107
1608947259 473535
1608948658 473543
1608952302 470307
1609176133 470315
1609176401 470315
1609176766 470318
1609177007 470330
1610419742 470460
1610422644 470497
1610491877 467238
1610492828 467396
1610591220 467447
1611519062 467717
1612026996 467759
1612044949 467761
1612053890 467761
1612059417 467690
1612066713 467786
1612193595 467792
1612196909 467800
1614352296 467835
1614788795 467837
1615082807 468001
1615134924 467881
1616194716 467732
1616439436 467735
1617064115 467737
1617064323 467737
1617066379 468126
1617110788 468837
1617111017 468839
1617111280 468842
1617328618 468894
1617474020 468965
1617736270 468965
1617743050 469046
1617801165 941287
1617810971 941288
1617814418 473142
1619026570 473135
1619466453 474199
1619466480 474255
1619971413 474384
1620398494 474384
1621464102 474460
1621968107 474611
1623712791 474713
1623719659 474821
1624374428 475516
1624669073 475714
1624809709 475714
1624810778 475718
1624811380 475718
1624812093 475720
1624979883 475743
1624981766 475750
1624982028 475750
1624982134 475745
1625008187 475749
1625250236 475757
1625251002 475758
1625251786 475757
1626486466 475870
1626829043 475874
1628203756 475879
1628456049 475869
1628458242 475882
1630601091 475886
1630873715 475940
1630874768 475946
1630875413 475946
1630877117 475947
1630877487 475950
1630878130 475952
1630878591 475955
1630879463 475963
1630881653 475979
1630882300 475985
1630882882 475998
1630884161 476005
1630884355 476008
1630885527 476012
1630887224 475999
1630887530 476001
1630890395 476007
1630890934 476009
1630895885 476010
1630945405 476020
1630945961 476028
1630946083 476028
1630946190 476028
1630946505 476032
1630946905 476034
1630948438 476041
1630948652 476042
1630949554 476046
1630955269 476064
1630968924 477156
1630969616 477171
1630969752 477175
1630971369 477183
1630971763 477186
1630972371 477206
1630974912 477207
1631052563 477200
1633128900 477200
1633129719 477227
1633129821 477233
1634491372 477266
1634491565 477267
1634497711 477267
1634498015 477269
1634509680 477275
1634510490 477276
1634514418 477291
1634514619 477291
1634515125 477293
1634515301 477292
1634515621 477287
1634519772 477288
1634520005 477288
1634520222 477288
1634520350 477288
1634520514 477289
1634520693 477289
1634521110 477289
1634521244 477289
1634521309 477289
1634521453 477289
1634521700 477290
1634521780 477290
1634521837 477290
1634522231 477291
1635613578 477324
1635614952 477325
1635892420 477326
1636073366 477429
1637770494 477446
1638380508 477462
1638381602 477054
1638383751 477054
1638384243 477056
1640294731 477072
1642704383 477065
1642806432 477066
1644441852 477077
1645127115 477099
1645137741 477110
1646169840 477126
1647287218 477126
1647457582 477210
1647457733 477210
1647457931 476580
1647874402 476585
1647875128 476587
1648653205 476699
1649976517 476720
1650033109 476774
1650567158 481642
1650567922 481647
1650568486 481835
1650569928 481847
1650570724 481847
1650571102 481847
1650571292 481847
1650571663 481848
1650571965 476979
1650572259 476980
1650574350 140
1650576213 706710
1650577151 706710
1650577258 706710
1650577472 706872
1650577648 706934
1650580551 1091947
1650581368 1091988
1650582087 1092057
1650582243 1092059
1650582416 1092059
1651280513 1092138
1651528907 862419
1654032552 863701
1659367534 863830
1659450626 863848
1662151430 1099252
1662215659 866166
1662220952 871352
1662221051 1123040
1662423642 1117448
1662435703 3803012
1662435792 2073428
1662437628 2073426
1662495451 2073431
1662495503 2073431
1662495542 2073431
1662751402 2073455
1662769041 2073477
1662769124 2073478
1662774550 2073556
1662843352 2073690
1662843489 2073691
1662917023 2073985
1663111170 2073717
1663165938 2073763
1663712160 2073829
1663783474 2074045
1663783956 2074060
1663784007 2074075
1663951712 2074263
1663951823 2074321
1663951910 2074320
1664634267 2074328
1664826657 2074445
1664980911 2074566
1664982119 2079724
1665694129 2079747
1666904339 2079856
1666904998 2074676
1667146033 2075820
1667413716 2075890
1669419152 2444301
1669419736 2444301
1669420196 2444301
1669421277 2444312
1669421441 2444312
1669421653 2444307
1669422376 2444308
1669669092 2444309
1671770116 2444900
1671900461 2445360
1671937420 2445371
1671942237 2445377
1672064408 2445532
1672115331 2445685
1672605190 2448029
1672625323 2448116
1673364099 2448140
1673569158 2448147
1673572821 2448173
1673577932 2448176
1675112006 2448185
1675112204 2448186
1676067736 2448381
1676148324 2448464
1676172698 2448414
1676341867 2448559
1676613933 2448713
1676652962 2448710
1676684231 2448742
1677285895 2448807
1677285991 2448808
1677286064 2448808
1677646145 2448847
1677788295 2448880
1677953380 2448873
1677953540 2448876
1677955082 2448878
1677988196 2448853
1678506524 2450253
1678605738 2450339
1678678503 2450593
1678679395 2450597
1679088458 2450998
1680890103 2451007
1689625674 2451021
1695676891 2451021
1695677376 2467379
1695677437 2467379
1695684235 2467444
1695700359 2467444
1695701786 2468022
1695703643 2467997
1704169717 2469052
1704172794 2469051
1704172893 2469050
1704173020 2469049
1709650017 2469821
1710481948 2469858
1710482640 2469858
1710522975 2469858
1710772654 2451671
1710850913 1500133
1710855409 1508891
1710856726 1508898
1710856998 1508900
1711817350 1499612
1711820205 1499093
1711820646 1491755
1711820994 1491754
1712672338 2346045
1712727944 2413617
1712729424 2412587
